11111111111111111111111111111110
11111111111111111111111111111111
11101111111111111111111111111111
11011111111111111111111111111110
11111111111111111111111111111111
11111111111111111111111111111110
11111111111111111111111111111111
11111111111111111111111111111110
11111111111111111111111111111111
11111111111111111111111111111111
11111111111111111111111111111111
11111111111111111111111111111110
11111111111111111111111111111111
11111111111111111111111111111111
11111111111111111111111111111111
11111111111111111111111111111110
11111111111111111111111111111111
11111111111111111111111111111111
11111111111111111111111111111111
11111111111111111111111111111110
11111111111111111111111111111111
11111111111111111111111111111111
11111111111111111111111111111111
11111111111111111111111111111110
11111111111111111111111111111111
11111111111111111111111111111111
11111111111111111111111111111111
11111111111111111111111111111110
11111111111111111111111111111111
11111111111111111111111111111111
11111111111111111111111111111111
01111011111111111111111111111110
